21
22
23
25
53
80
110
111
135
139
143
443
445
993
995
1433
1723
3306
3389
5432
5900
6379
8080
8443
8888
9000
9090
10000
11211
27017
9200
5000
8000
8008
8081
8082
8083
8444
9001
9091
9418
9999
10001
10002
27018
27019
28015
29015
50000
50001
50002
50003
50004
50005
50006
50007
50008
50009
50010
50011
50012
50013
50014
50015
50016
50017
50018
50019
50020
50021
50022
50023
50024
50025
50026
50027
50028
50029
50030
50031
50032
50033
50034
50035
50036
50037
50038
50039
50040
50041
50042
50043
50044
50045
50046
50047
50048
50049
50050
